100
220 41 -167 -96 -100 -86 -176 -85 8 -140 -65 -74 -62 -63 -55 -44 -71 -124 -178 -74 -195 -168 291
217 41 -167 -96 -100 -86 -176 -85 8 -140 -65 -74 -62 -63 -55 -44 -71 -118 -178 -74 -195 -168 291
190 41 -167 -96 -100 -86 -176 -85 8 -140 -65 -74 -62 -63 -55 -44 -71 -124 -178 -63 -195 -168 291
186 41 -167 -96 -100 -72 -176 -85 36 -140 -65 -73 -111 -64 -42 -131 -110 -124 -172 -74 -202 -167 256
173 11 -137 -96 -100 -113 -176 -44 8 -175 -65 -73 -111 -64 -42 -131 -110 -124 -172 -74 -217 -167 256
164 41 -167 -96 -107 -124 -176 -85 8 -140 -65 -74 -62 -84 -55 -44 -57 -124 -172 -74 -202 -161 256
162 41 -167 -96 -128 -120 -176 -85 2 -140 -108 -74 -62 -63 -55 -131 -110 -124 -172 -74 -195 -168 291
160 41 -167 -96 -128 -120 -176 -85 2 -140 -108 -74 -62 -63 -55 -131 -110 -124 -172 -74 -195 -168 291
157 41 -167 -96 -100 -86 -176 -85 8 -140 -65 -73 -111 -63 -55 -92 -110 -124 -172 -74 -195 -168 291
156 41 -167 -135 -100 -72 -176 -59 8 -140 -65 -74 -62 -63 -55 -44 -71 -118 -178 -74 -202 -167 256
153 41 -167 -96 -100 -86 -176 -85 8 -140 -65 -74 -62 -63 -55 -44 -71 -124 -178 -74 -195 -168 291
153 41 -135 -96 -100 -72 -176 -51 36 -140 -65 -73 -111 -63 -55 -92 -110 -124 -172 -74 -195 -168 291
152 77 -137 -96 -100 -72 -176 -85 8 -140 -123 -74 -62 -63 -55 -86 -71 -118 -178 -74 -195 -184 291
149 41 -167 -96 -100 -86 -176 -85 8 -140 -65 -74 -62 -84 -55 -44 -71 -124 -172 -74 -202 -168 291
149 11 -137 -96 -100 -113 -176 -44 8 -140 -65 -74 -62 -84 -63 -44 -73 -124 -172 -74 -202 -161 256
146 41 -137 -96 -100 -72 -176 -85 8 -140 -108 -73 -144 -64 -42 -131 -110 -124 -172 -74 -202 -167 256
142 41 -98 -96 -100 -72 -168 -48 2 -143 -119 -74 -62 -63 -55 -131 -110 -124 -172 -74 -202 -167 256
141 41 -167 -135 -100 -72 -176 -85 36 -140 -111 -73 -62 -63 -55 -44 -71 -118 -178 -74 -195 -168 291
137 41 -167 -96 -100 -72 -176 -59 8 -140 -65 -74 -62 -63 -55 -44 -71 -118 -178 -74 -202 -167 256
136 41 -141 -96 -100 -72 -176 -83 8 -140 -65 -73 -111 -64 -42 -131 -110 -124 -172 -74 -195 -168 291
135 41 -167 -135 -100 -72 -176 -85 36 -140 -111 -73 -62 -64 -42 -131 -110 -124 -172 -74 -202 -167 256
134 41 -167 -96 -100 -86 -176 -44 8 -140 -65 -74 -62 -63 -55 -44 -71 -118 -178 -74 -183 -168 291
133 41 -137 -96 -100 -72 -176 -85 8 -140 -65 -73 -111 -64 -42 -131 -110 -124 -172 -74 -202 -167 256
133 41 -137 -96 -100 -72 -168 -48 2 -143 -123 -74 -62 -63 -55 -86 -71 -118 -178 -74 -195 -168 291
129 41 -167 -96 -100 -86 -176 -85 8 -140 -65 -74 -62 -63 -55 -44 -105 -118 -178 -74 -195 -168 291
127 11 -137 -96 -100 -72 -176 -85 8 -140 -108 -73 -144 -64 -42 -131 -110 -124 -172 -74 -202 -167 256
126 41 -167 -96 -100 -72 -168 -48 2 -184 -123 -74 -62 -63 -55 -86 -71 -70 -184 -74 -195 -168 291
126 11 -137 -96 -100 -72 -176 -59 8 -140 -65 -74 -62 -63 -55 -44 -71 -124 -178 -74 -195 -168 291
125 90 -167 -96 -100 -72 -176 -85 8 -140 -108 -73 -144 -64 -42 -131 -110 -124 -172 -74 -202 -167 256
125 41 -167 -169 -100 -72 -176 -85 36 -140 -111 -73 -62 -64 -42 -131 -110 -124 -178 -74 -183 -168 291
-1 11 -137 -96 -100 -113 -176 -44 8 -140 -108 -73 -144 -64 -42 -131 -143 -124 -172 -74 -202 -167 291
-1 -37 -137 -96 -53 -72 -176 -85 8 -140 -108 -74 -62 -63 -55 -131 -110 -124 -172 -42 -194 -168 291
-1 8 -167 -96 -100 -86 -176 -85 8 -140 -65 -73 -111 -63 -55 -86 -71 -118 -178 -74 -218 -168 330
-1 41 -167 -144 -100 -86 -176 -85 8 -140 -65 -48 -62 -63 -55 -17 -71 -118 -178 -74 -202 -168 291
-1 41 -167 -135 -100 -72 -168 -48 2 -143 -123 -74 -62 -63 -55 -74 -71 -118 -178 -74 -195 -168 291
-1 90 -167 -96 -100 -72 -176 -85 8 -140 -108 -73 -62 -64 -42 -131 -110 -124 -178 -74 -183 -168 291
-1 11 -108 -96 -100 -72 -176 -59 8 -140 -65 -74 -74 -63 -55 -44 -71 -124 -178 -74 -195 -168 291
-1 11 -137 -96 -100 -72 -176 -85 8 -140 -108 -73 -144 -64 -42 -131 -110 -124 -172 -74 -202 -167 256
-1 41 -137 -96 -100 -72 -176 -85 8 -140 -65 -73 -111 -64 -42 -131 -71 -118 -178 -74 -195 -168 291
-1 41 -167 -135 -100 -72 -176 -85 36 -140 -111 -74 -108 -63 -55 -44 -71 -118 -178 -24 -183 -168 291
-1 41 -167 -96 -100 -72 -176 -83 8 -140 -93 -73 -111 -64 3 -131 -110 -124 -172 -74 -195 -168 291
-1 41 -98 -96 -100 -72 -168 -48 2 -143 -119 -74 -62 -63 -55 -44 -71 -118 -178 -74 -195 -168 291
-1 11 -137 -96 -100 -113 -176 -85 8 -140 -108 -73 -144 -64 -56 -131 -67 -124 -172 -74 -202 -167 256
-1 77 -137 -96 -100 -72 -176 -85 8 -140 -65 -74 -62 -84 -55 -44 -71 -122 -172 -74 -202 -168 291
-1 41 -167 -131 -100 -86 -176 -85 8 -140 -65 -74 -62 -63 -55 -44 -71 -124 -178 -74 -195 -168 291
-1 41 -167 -96 -100 -72 -176 -59 8 -140 -65 -74 -62 -63 -55 -44 -71 -118 -178 -74 -202 -167 256
-1 41 -167 -96 -128 -120 -176 -85 2 -140 -108 -74 -62 -63 -55 -131 -110 -124 -172 -74 -195 -168 291
-1 11 -137 -96 -100 -113 -176 -44 8 -175 -65 -73 -62 -84 -55 -44 -57 -124 -172 -74 -202 -112 256
-1 41 -167 -96 -100 -72 -176 -85 36 -140 -65 -73 -111 -64 -42 -131 -72 -124 -172 -74 -202 -167 256
-1 41 -117 -96 -100 -86 -176 -85 8 -140 -65 -74 -62 -63 -55 -44 -71 -118 -178 -74 -195 -168 291
